-----Linear Layer 1 Weight:---
Parameter containing:
tensor([[ 2.1390e-01, -1.1292e-01,  6.4356e-02,  9.9781e-02,  3.5450e-01,
         -3.7272e-02,  8.1499e-03],
        [ 1.8346e-01, -2.2973e-01, -5.9244e-02,  1.2652e-01, -5.2917e-02,
          3.4617e-02,  9.1317e-04],
        [ 3.9970e-15,  1.5208e-09,  6.5617e-15, -6.5872e-12,  1.2090e-07,
          2.1855e-07,  2.0417e-42],
        [-2.8292e-12, -1.6120e-09,  3.1000e-08, -2.0016e-08,  2.8865e-08,
          1.7071e-07, -9.4574e-42],
        [ 1.0945e-03,  2.5209e-02, -5.7179e-03,  2.5517e-02, -1.6116e-04,
         -1.8625e-02,  7.6223e-04],
        [-1.8189e-42,  6.7011e-23, -1.3396e-42,  1.0646e-39, -1.1808e-32,
         -2.0596e-23, -2.0095e-42],
        [-3.0410e-01, -2.4780e-02, -1.5427e-01, -3.1437e-01, -3.7114e-02,
          1.9867e-02,  1.6114e-02],
        [-1.1141e-01, -1.6823e-02,  3.4929e-02,  2.7219e-02, -8.2829e-02,
          2.6703e-01,  7.7228e-03],
        [ 3.0463e-02, -5.3206e-03,  1.3618e-02,  3.0671e-02,  5.0768e-02,
         -1.6856e-01,  4.6903e-03],
        [-6.5270e-08, -8.4674e-06, -1.8957e-10,  2.0899e-06, -2.4129e-05,
         -2.4902e-05,  1.5896e-17],
        [-9.6517e-11,  3.1640e-06, -9.7600e-14,  3.7959e-07, -2.9964e-07,
         -1.4194e-07, -1.0909e-12],
        [-3.1707e-02,  9.1796e-02, -5.0702e-01,  1.3224e-03,  1.5707e-03,
          1.1679e-02, -2.3949e-03],
        [ 3.9677e-02,  3.4582e-02, -4.1432e-02, -6.6539e-01,  1.1208e-03,
         -4.8925e-02, -8.6650e-04],
        [-3.4502e-02,  8.6241e-01, -1.9058e-03, -1.2936e-02,  1.1485e-02,
         -1.2747e-03, -2.4540e-03],
        [-5.5183e-42,  2.7193e-26,  2.3752e-42,  5.9267e-27, -4.9746e-42,
          5.4020e-42, -1.9925e-41],
        [ 5.3518e-28, -3.9636e-19,  2.0267e-32, -9.3457e-15, -1.3454e-11,
         -8.2870e-12, -1.8312e-41],
        [-5.2567e-06, -5.2695e-05, -5.0711e-09, -1.6097e-04,  1.2240e-04,
         -4.4808e-05, -7.7127e-42],
        [ 3.3994e-02, -2.9393e-02, -1.4658e-02, -8.2034e-02, -2.7161e-01,
         -4.1581e-01, -4.3678e-03],
        [ 2.1028e-01,  8.0516e-02, -1.3806e-02, -2.5396e-01, -7.5928e-02,
          4.1201e-01,  1.0190e-02],
        [ 2.6727e-01,  2.2588e-02, -3.0455e-02,  5.2109e-02, -2.7605e-02,
          4.5232e-03,  1.9267e-02],
        [-1.4244e-01,  9.6744e-02, -3.1001e-02, -2.5945e-03, -5.5073e-01,
         -1.3144e-01, -3.3829e-03],
        [-2.9675e-01, -1.0372e-02, -1.7810e-02,  7.6193e-02,  1.2363e-01,
          1.4472e-01, -3.3255e-03],
        [ 2.6533e-02,  2.3129e-02,  1.9845e-03, -3.0364e-02,  8.8087e-03,
         -6.5525e-01,  8.3075e-03],
        [ 1.4659e-02, -3.6791e-03, -6.2364e-03,  1.9664e-02,  2.3511e-02,
         -9.6589e-04,  7.4253e-07],
        [-5.0812e-03,  9.0943e-03,  8.0841e-03,  9.2318e-03,  8.5663e-03,
         -2.2840e-02,  1.2276e-03],
        [-1.0831e-06, -3.1222e-04, -4.1413e-06,  7.0885e-04,  8.5714e-05,
         -3.8255e-04,  6.9929e-07],
        [-1.2156e-01, -4.7424e-02,  9.6937e-02,  1.4601e-01,  3.8082e-01,
          1.2322e-01,  6.3768e-03],
        [-1.6325e-01, -2.9586e-01, -1.3937e-01,  6.0865e-02, -7.7928e-02,
         -6.8815e-02,  7.0311e-04],
        [ 1.6421e-01,  5.5998e-02, -6.4995e-04, -4.4312e-01, -4.0816e-02,
          1.3478e-01, -1.0459e-02],
        [-6.1587e-02, -1.3336e-01,  1.3035e-03,  5.1057e-02, -7.0081e-01,
         -1.2721e-01, -2.0177e-03],
        [-2.6914e-02,  2.7647e-02, -1.6879e-02, -3.6513e-01,  1.6759e-02,
         -3.4915e-01,  1.0803e-02],
        [-6.5370e-14,  1.0663e-09,  8.0735e-26, -7.0588e-11, -3.7700e-11,
         -4.6869e-13,  1.4170e-26]], device='cuda:0', requires_grad=True)
-----Linear Layer 2 Weight:---
Parameter containing:
tensor([[-4.7285e-02, -6.1357e-04,  2.9852e-03, -1.1923e-03,  8.6239e-03,
         -5.7865e-04,  2.5266e-02, -3.0945e-02,  1.7101e-02,  1.2060e-03,
          7.3395e-03,  5.2354e-02,  8.8164e-02, -7.9875e-03,  7.7217e-05,
         -4.5898e-03,  1.5070e-03,  2.1485e-02,  2.3655e-03, -1.8014e-02,
          3.2431e-02, -2.0273e-02,  2.4283e-03,  1.0421e-03, -1.4073e-02,
         -2.7247e-03, -5.0898e-02,  2.1671e-02, -1.9192e-02, -3.1079e-03,
          6.4057e-03,  2.3294e-03],
        [ 2.2935e-02,  5.5946e-03, -4.0696e-03, -1.6482e-03,  2.8695e-02,
          9.3020e-03, -1.3335e-02,  3.8754e-02, -4.0920e-02, -5.0439e-03,
         -1.1200e-02, -3.5546e-02, -2.5658e-03, -2.6961e-02,  5.1299e-03,
          6.7466e-03, -5.8019e-03,  8.1931e-02,  2.2787e-02, -2.8924e-02,
         -1.0914e-01, -7.9119e-02, -3.2189e-02, -1.4087e-02, -9.8744e-04,
          4.4870e-03, -2.5394e-03,  5.5430e-02, -5.7429e-02, -6.0966e-03,
          1.5458e-02, -7.7879e-03],
        [ 1.2491e-01,  1.1136e-01, -2.1834e-03, -1.7734e-04,  4.0342e-03,
          1.5845e-03,  6.7495e-02,  3.0828e-02, -5.4765e-02, -2.5536e-03,
         -3.2958e-03, -2.5121e-01,  1.4883e-01,  1.6263e-02,  6.2892e-05,
          2.5937e-03, -5.2389e-04, -1.9000e-01, -4.0791e-02,  5.9089e-02,
         -1.6598e-02, -5.0552e-02, -4.7858e-02, -1.1538e-02,  1.3475e-02,
         -3.1136e-04, -2.8014e-02, -5.0358e-02,  1.0431e-01, -2.5443e-01,
          2.4901e-02,  2.0107e-04],
        [ 1.7102e-01, -1.6512e-01, -1.3742e-03, -2.6351e-03, -9.8444e-03,
         -5.1588e-03, -5.3608e-02, -3.5704e-01, -8.5262e-02,  2.1994e-03,
         -1.1892e-03,  9.0578e-02,  1.2973e-01, -1.7811e-01, -2.5818e-03,
         -3.4567e-03, -3.8276e-04, -1.7990e-01, -2.8118e-01, -8.4556e-02,
          7.6509e-02, -1.9021e-01,  9.8648e-04,  1.2833e-03,  2.9617e-03,
          3.5326e-03, -2.1026e-01, -1.7599e-01,  1.4130e-01, -4.5126e-02,
          2.0533e-01, -9.8945e-03],
        [ 8.5707e-02,  5.0232e-02, -9.5455e-03, -5.9322e-03,  1.6786e-02,
          7.1115e-03, -1.3899e-01,  1.0701e-01,  4.8908e-02, -9.2314e-03,
         -1.8135e-02, -1.0944e-01,  2.6674e-02,  1.4231e-01,  4.8348e-03,
          7.1065e-03, -6.1056e-03,  2.5302e-01,  1.6265e-01, -1.7741e-02,
         -2.9261e-01,  1.7911e-02,  8.8488e-02, -1.2840e-02,  1.4178e-02,
          2.2726e-03,  9.0014e-02,  2.3048e-01, -2.0182e-01, -7.3619e-02,
          4.8826e-02, -9.0977e-03],
        [-1.9863e-02, -2.7762e-02, -1.9346e-05,  8.5535e-05,  1.6639e-04,
          3.4411e-05, -7.4132e-03, -1.1977e-02,  1.9235e-02, -5.1620e-05,
         -1.2230e-04,  1.3120e-02,  3.7285e-03, -1.7965e-03,  1.1058e-04,
          1.1892e-04, -4.1059e-05, -9.3899e-03, -7.8792e-03, -1.5147e-02,
          3.0725e-03, -7.6929e-03,  4.0470e-03,  5.7424e-05,  4.8879e-04,
          3.7623e-04, -1.0287e-02, -2.4998e-02, -1.6293e-02, -2.8898e-02,
         -5.1228e-03, -1.8804e-04],
        [-3.4036e-06,  3.4900e-06,  1.3196e-08, -9.1925e-09, -2.9363e-08,
          2.5468e-08, -2.2570e-05, -4.1759e-05,  2.9059e-07,  8.3798e-09,
          1.8987e-08, -2.9934e-06, -1.2160e-05,  1.6400e-04, -3.6516e-09,
          1.4315e-09,  1.3714e-08, -5.5345e-06, -2.4080e-05,  2.0462e-06,
         -5.9220e-05,  1.7909e-05,  1.3560e-06,  1.0699e-08,  1.2378e-08,
         -7.6008e-09, -4.0981e-06, -9.2115e-06, -9.8350e-06,  4.4489e-05,
         -1.5067e-05,  4.1682e-08],
        [ 6.2272e-02, -3.4252e-02, -3.3568e-03, -3.4174e-04, -9.1996e-03,
         -7.7948e-04, -2.0597e-01,  5.0861e-02, -5.2412e-02,  4.7890e-03,
         -3.0246e-03, -4.7155e-02,  5.9758e-02,  3.3992e-01, -3.3967e-03,
          5.4398e-03, -2.2070e-03,  1.1648e-01,  1.3016e-01, -3.4086e-02,
         -1.4573e-01, -4.2194e-02,  3.6411e-02, -7.1593e-03, -1.2410e-03,
          1.0114e-03,  6.0086e-02, -3.2922e-02,  4.4596e-02, -2.8250e-01,
         -3.5084e-02, -6.7127e-04],
        [-1.1191e-08, -7.4154e-06,  5.2557e-09, -1.1082e-08, -3.8544e-08,
         -8.2859e-08, -5.7274e-06, -4.6240e-06, -9.5475e-08,  4.6818e-08,
          3.4492e-07, -2.8477e-06,  8.9405e-07,  8.4331e-05, -3.0653e-08,
         -7.6570e-08,  1.3234e-08, -6.1477e-07, -5.6544e-07, -1.6793e-07,
         -8.8734e-06,  2.6764e-06,  3.9025e-07,  9.9699e-08, -9.6299e-08,
         -3.5224e-08,  5.2792e-08, -5.4233e-07, -1.5684e-07, -6.5390e-06,
          1.1641e-06,  1.8688e-07],
        [-1.3046e-10,  3.9343e-13, -6.0606e-33,  3.3495e-32, -2.3139e-34,
         -1.3200e-32, -2.1222e-08, -1.9790e-07, -6.8480e-12, -3.0535e-33,
         -3.4074e-33, -2.2671e-09,  2.0667e-09,  1.2601e-05, -6.1177e-33,
          1.1896e-32, -1.6498e-34,  9.4129e-08, -1.5710e-07,  2.7241e-14,
         -4.7812e-07,  2.3183e-08, -2.4230e-08, -1.4440e-32,  9.0375e-34,
         -2.6519e-33,  1.1734e-08, -5.6451e-15,  1.1019e-06, -4.3257e-09,
          9.2297e-07,  8.3332e-36],
        [ 4.3028e-03, -3.9235e-01, -3.4669e-03, -2.7597e-03, -1.8963e-02,
          4.6064e-03, -2.0930e-02,  6.7008e-03, -5.3503e-02, -1.5290e-03,
         -2.4886e-02,  1.4694e-02,  7.4147e-02, -1.9286e-01,  3.1167e-03,
          1.1734e-02, -8.4777e-03, -2.0731e-01,  6.7105e-02, -3.9813e-02,
          1.8425e-02,  7.5056e-04,  1.2219e-01,  1.3652e-02,  6.3228e-03,
          5.0045e-03, -3.5699e-02, -2.3120e-01, -1.8291e-01, -3.8677e-01,
          1.4798e-02, -2.7205e-02],
        [-1.8596e-01, -1.5279e-01,  2.3661e-04,  1.9434e-03,  3.6851e-03,
         -8.1936e-05, -4.0748e-02, -1.4410e-01, -1.1066e-01,  1.1656e-03,
          8.2683e-03,  6.3724e-02, -6.9204e-02,  1.2184e-01, -1.4214e-04,
         -2.2317e-03,  1.6011e-03, -2.8581e-01, -1.5933e-01,  4.6222e-02,
         -7.1683e-02, -1.6950e-01,  1.4611e-01, -2.9039e-03, -5.7501e-03,
         -2.2226e-03, -1.9703e-01,  8.2571e-02,  1.3053e-01, -7.3245e-02,
          1.9032e-01,  1.6033e-03],
        [ 1.0319e-02,  1.0248e-02,  6.0530e-03,  5.7741e-03,  5.4235e-03,
         -6.8866e-03, -1.6193e-01, -3.4881e-02,  1.0037e-01,  8.5624e-03,
          4.7094e-03, -1.6517e-02,  4.7280e-02,  4.9152e-01, -3.8248e-03,
         -4.5424e-03,  1.0079e-02, -1.5420e-02,  5.2546e-02, -1.4509e-01,
         -2.6668e-01,  4.9481e-02,  3.4199e-02,  1.1219e-02, -2.2807e-03,
         -8.7621e-06, -3.1657e-02, -1.6076e-02, -1.4961e-01, -1.3681e-02,
          2.7336e-03,  6.1733e-03],
        [ 1.2698e-02,  5.9610e-02,  4.4723e-03,  9.9103e-04,  1.6994e-02,
         -1.1875e-02,  2.5834e-02, -1.4920e-01, -1.8994e-01,  6.8687e-03,
          1.1525e-02, -1.5668e-02,  1.9508e-01,  7.4028e-03, -7.9231e-03,
         -1.0253e-02,  4.0968e-03, -5.8382e-02, -4.6012e-02, -1.9155e-01,
          2.5793e-01,  2.3653e-01, -3.5826e-02, -1.2306e-03, -7.7113e-03,
         -5.7672e-03, -2.4668e-01,  1.1899e-01,  2.8598e-01, -2.0907e-02,
         -9.2824e-02,  6.7340e-03],
        [ 3.2318e-02, -1.2820e-02, -1.4025e-03, -4.1148e-04,  5.6471e-03,
          4.6223e-03, -2.0391e-02,  7.3998e-02,  4.4674e-02, -6.1401e-03,
         -4.3741e-03, -1.1263e-03,  7.1441e-02, -4.2162e-04,  3.7702e-03,
          1.8369e-03, -4.2957e-03, -8.4339e-03,  6.0670e-02,  4.0199e-02,
         -3.5092e-02,  5.6324e-02, -2.0630e-01, -4.8234e-03,  1.5058e-02,
         -6.7555e-04, -8.0693e-02, -7.7269e-02, -1.0887e-01,  9.9333e-02,
         -3.2507e-03, -7.1610e-03],
        [ 4.8639e-02, -6.2550e-02,  3.3968e-04,  1.8575e-03,  2.3618e-03,
         -5.5728e-03, -3.0719e-01, -2.1274e-02, -5.0592e-02,  3.0043e-03,
          7.1521e-03,  1.3248e-01,  1.3650e-01, -1.7067e-01, -7.7110e-03,
         -6.1370e-03, -8.6129e-04, -1.4211e-01, -1.9221e-02, -9.0590e-02,
         -5.0511e-02, -1.3272e-01, -9.3844e-02, -9.5901e-04,  1.1297e-02,
         -8.6883e-04,  6.4919e-02, -1.8167e-02,  2.5322e-02,  3.5806e-02,
          2.5040e-01, -1.4619e-03]], device='cuda:0', requires_grad=True)
-----Linear Layer 3 Weight:---
Parameter containing:
tensor([[ 4.6252e-02, -1.4407e-01, -5.9548e-02,  1.4051e-01, -1.5836e-01,
         -1.1022e-02, -6.3455e-04, -1.4795e-01, -1.1216e-03, -2.7472e-05,
         -4.5986e-02,  1.6760e-02, -1.1153e-01,  3.6618e-03,  5.9640e-02,
          8.2650e-03],
        [-1.7123e-02,  7.0774e-02,  6.7444e-02, -8.1157e-02,  5.6400e-02,
          1.7555e-03,  4.5824e-04,  4.8795e-02, -7.7115e-04, -1.7152e-05,
          6.1382e-02, -1.5755e-01,  5.7076e-02, -1.7722e-01, -9.2312e-02,
         -6.3717e-02],
        [-3.2346e-02,  7.8115e-02,  6.3783e-02, -8.6962e-02,  6.6387e-02,
         -1.9343e-03,  4.0323e-04,  5.8948e-02, -1.4096e-03, -2.6385e-05,
          5.7372e-02, -1.4397e-01,  4.9264e-02, -1.7030e-01, -8.6783e-02,
         -6.4356e-02],
        [-3.4319e-02,  5.7844e-02,  7.1894e-02, -8.1878e-02,  6.8138e-02,
         -8.5389e-05,  2.5965e-04,  5.7302e-02,  9.0752e-04,  8.6788e-05,
          5.0079e-02, -1.5168e-01,  5.3198e-02, -1.7879e-01, -7.9775e-02,
         -5.8954e-02],
        [ 4.2353e-02, -7.9567e-02, -8.7028e-02,  8.1944e-02, -7.4826e-02,
          1.6493e-03, -1.2006e-04, -1.4538e-01,  2.2486e-04, -8.6147e-05,
         -8.5737e-02,  4.0152e-02, -3.8225e-02,  1.1249e-02,  8.0494e-02,
          6.9068e-02],
        [-3.2550e-02,  6.0610e-02,  9.2384e-02, -6.6087e-02,  5.9208e-02,
         -9.8169e-04, -3.9225e-04,  4.7249e-02,  2.1038e-03, -8.8174e-05,
          5.1687e-02, -1.5491e-01,  5.9939e-02, -1.7522e-01, -9.2494e-02,
         -5.8201e-02],
        [ 4.3652e-02, -3.6825e-02, -9.8245e-02,  2.6134e-02, -3.7734e-02,
          1.1120e-02,  1.9368e-03, -1.2376e-01, -3.8279e-03, -3.5498e-05,
         -8.9440e-02,  2.3085e-02, -9.5450e-02, -8.1868e-03,  4.9846e-02,
          1.5594e-01],
        [ 3.9375e-02, -6.5711e-02, -5.5261e-02,  7.2775e-02, -6.3748e-02,
          1.3833e-03,  1.8146e-05, -1.7018e-01, -1.5441e-03, -7.3367e-05,
         -6.5711e-02,  5.2903e-02, -4.1750e-02,  4.2224e-02,  6.4824e-02,
          7.0578e-02]], device='cuda:0', requires_grad=True)
-----Linear Layer 4 Weight:---
Parameter containing:
tensor([[-0.9169,  0.9286,  0.9338,  0.9409, -0.7293,  0.9433, -0.7414, -0.7454]],
       device='cuda:0', requires_grad=True)
